date,slight,serious,total_casualties
2017-01-01,57,9,66
2017-01-02,59,5,64
2017-01-03,67,10,77
2017-01-04,69,5,74
2017-01-05,108,8,116
2017-01-06,73,10,83
2017-01-07,60,8,68
2017-01-08,65,3,68
2017-01-09,95,14,109
2017-01-10,86,10,96
2017-01-11,79,10,89
2017-01-12,106,8,114
2017-01-13,86,13,99
2017-01-14,69,10,79
2017-01-15,42,4,46
2017-01-16,75,5,80
2017-01-17,84,8,92
2017-01-18,79,16,95
2017-01-19,67,5,72
2017-01-20,108,9,117
2017-01-21,105,9,114
2017-01-22,92,11,103
2017-01-23,64,8,72
2017-01-24,94,9,103
2017-01-25,78,7,85
2017-01-26,61,13,74
2017-01-27,79,9,88
2017-01-28,101,12,113
2017-01-29,70,9,79
2017-01-30,55,12,67
2017-01-31,75,8,83
2017-02-01,52,7,59
2017-02-02,81,4,85
2017-02-03,92,7,99
2017-02-04,76,7,83
2017-02-05,70,9,79
2017-02-06,76,7,83
2017-02-07,77,13,90
2017-02-08,69,9,78
2017-02-09,66,9,75
2017-02-10,99,8,107
2017-02-11,69,11,80
2017-02-12,59,4,63
2017-02-13,61,8,69
2017-02-14,92,8,100
2017-02-15,68,14,82
2017-02-16,74,9,83
2017-02-17,94,8,102
2017-02-18,86,6,92
2017-02-19,48,8,56
2017-02-20,74,7,81
2017-02-21,65,7,72
2017-02-22,73,13,86
2017-02-23,95,5,100
2017-02-24,91,10,101
2017-02-25,58,4,62
2017-02-26,79,15,94
2017-02-27,95,11,106
2017-02-28,95,11,106
2017-03-01,82,11,93
2017-03-02,87,7,94
2017-03-03,84,15,99
2017-03-04,64,12,76
2017-03-05,60,7,67
2017-03-06,61,7,68
2017-03-07,66,10,76
2017-03-08,75,8,83
2017-03-09,59,15,74
2017-03-10,86,8,94
2017-03-11,62,10,72
2017-03-12,49,6,55
2017-03-13,87,17,104
2017-03-14,67,14,81
2017-03-15,93,14,107
2017-03-16,68,6,74
2017-03-17,91,17,108
2017-03-18,72,14,86
2017-03-19,43,7,50
2017-03-20,70,6,76
2017-03-21,79,12,91
2017-03-22,76,20,96
2017-03-23,78,11,89
2017-03-24,86,9,95
2017-03-25,80,20,100
2017-03-26,57,9,66
2017-03-27,82,12,94
2017-03-28,91,9,100
2017-03-29,70,14,84
2017-03-30,89,9,98
2017-03-31,94,4,98
2017-04-01,90,10,100
2017-04-02,93,7,100
2017-04-03,69,8,77
2017-04-04,62,11,73
2017-04-05,80,6,86
2017-04-06,73,11,84
2017-04-07,77,9,86
2017-04-08,107,11,118
2017-04-09,125,9,134
2017-04-10,61,3,64
2017-04-11,69,12,81
2017-04-12,66,10,76
2017-04-13,79,19,98
2017-04-14,73,4,77
2017-04-15,56,8,64
2017-04-16,70,3,73
2017-04-17,51,5,56
2017-04-18,97,12,109
2017-04-19,81,13,94
2017-04-20,86,10,96
2017-04-21,94,10,104
2017-04-22,80,15,95
2017-04-23,60,8,68
2017-04-24,100,15,115
2017-04-25,97,15,112
2017-04-26,93,14,107
2017-04-27,66,9,75
2017-04-28,98,8,106
2017-04-29,81,8,89
2017-04-30,82,12,94
2017-05-01,61,12,73
2017-05-02,76,8,84
2017-05-03,83,7,90
2017-05-04,73,7,80
2017-05-05,63,16,79
2017-05-06,64,12,76
2017-05-07,61,8,69
2017-05-08,89,9,98
2017-05-09,91,13,104
2017-05-10,79,8,87
2017-05-11,83,13,96
2017-05-12,90,18,108
2017-05-13,82,8,90
2017-05-14,53,7,60
2017-05-15,78,6,84
2017-05-16,101,10,111
2017-05-17,80,5,85
2017-05-18,87,11,98
2017-05-19,88,14,102
2017-05-20,66,11,77
2017-05-21,58,14,72
2017-05-22,77,9,86
2017-05-23,76,12,88
2017-05-24,86,14,100
2017-05-25,108,13,121
2017-05-26,99,19,118
2017-05-27,71,8,79
2017-05-28,65,9,74
2017-05-29,41,6,47
2017-05-30,71,14,85
2017-05-31,58,6,64
2017-06-01,82,13,95
2017-06-02,83,6,89
2017-06-03,74,7,81
2017-06-04,65,11,76
2017-06-05,70,6,76
2017-06-06,88,10,98
2017-06-07,83,19,102
2017-06-08,83,9,92
2017-06-09,78,13,91
2017-06-10,70,15,85
2017-06-11,48,6,54
2017-06-12,90,9,99
2017-06-13,80,8,88
2017-06-14,90,9,99
2017-06-15,83,17,100
2017-06-16,96,8,104
2017-06-17,92,13,105
2017-06-18,70,10,80
2017-06-19,91,16,107
2017-06-20,114,15,129
2017-06-21,89,19,108
2017-06-22,78,10,88
2017-06-23,98,11,109
2017-06-24,70,13,83
2017-06-25,79,21,100
2017-06-26,108,14,122
2017-06-27,91,8,99
2017-06-28,77,11,88
2017-06-29,83,11,94
2017-06-30,92,21,113
2017-07-01,70,13,83
2017-07-02,105,16,121
2017-07-03,91,16,107
2017-07-04,99,13,112
2017-07-05,117,17,134
2017-07-06,107,14,121
2017-07-07,131,14,145
2017-07-08,78,7,85
2017-07-09,79,7,86
2017-07-10,73,16,89
2017-07-11,104,9,113
2017-07-12,92,19,111
2017-07-13,89,12,101
2017-07-14,89,12,101
2017-07-15,96,16,112
2017-07-16,69,6,75
2017-07-17,88,12,100
2017-07-18,90,8,98
2017-07-19,70,11,81
2017-07-20,64,10,74
2017-07-21,100,14,114
2017-07-22,96,18,114
2017-07-23,60,11,71
2017-07-24,65,6,71
2017-07-25,83,4,87
2017-07-26,70,8,78
2017-07-27,70,10,80
2017-07-28,66,8,74
2017-07-29,98,12,110
2017-07-30,49,8,57
2017-07-31,61,8,69
2017-08-01,68,11,79
2017-08-02,74,6,80
2017-08-03,59,8,67
2017-08-04,63,9,72
2017-08-05,65,12,77
2017-08-06,57,6,63
2017-08-07,57,10,67
2017-08-08,60,2,62
2017-08-09,68,6,74
2017-08-10,75,9,84
2017-08-11,77,6,83
2017-08-12,67,9,76
2017-08-13,73,11,84
2017-08-14,80,11,91
2017-08-15,71,8,79
2017-08-16,84,6,90
2017-08-17,89,5,94
2017-08-18,76,5,81
2017-08-19,60,12,72
2017-08-20,59,7,66
2017-08-21,53,7,60
2017-08-22,67,10,77
2017-08-23,79,8,87
2017-08-24,75,10,85
2017-08-25,87,12,99
2017-08-26,57,7,64
2017-08-27,85,7,92
2017-08-28,48,8,56
2017-08-29,80,15,95
2017-08-30,82,6,88
2017-08-31,67,12,79
2017-09-01,80,7,87
2017-09-02,70,13,83
2017-09-03,69,7,76
2017-09-04,67,16,83
2017-09-05,53,15,68
2017-09-06,89,13,102
2017-09-07,62,10,72
2017-09-08,87,11,98
2017-09-09,81,11,92
2017-09-10,59,7,66
2017-09-11,81,5,86
2017-09-12,83,16,99
2017-09-13,89,14,103
2017-09-14,78,4,82
2017-09-15,84,17,101
2017-09-16,75,9,84
2017-09-17,51,11,62
2017-09-18,87,10,97
2017-09-19,74,13,87
2017-09-20,80,11,91
2017-09-21,96,7,103
2017-09-22,100,11,111
2017-09-23,65,6,71
2017-09-24,74,10,84
2017-09-25,65,11,76
2017-09-26,82,11,93
2017-09-27,121,22,143
2017-09-28,107,11,118
2017-09-29,100,7,107
2017-09-30,79,6,85
2017-10-01,57,9,66
2017-10-02,70,12,82
2017-10-03,95,11,106
2017-10-04,88,7,95
2017-10-05,90,8,98
2017-10-06,107,14,121
2017-10-07,88,9,97
2017-10-08,68,6,74
2017-10-09,60,11,71
2017-10-10,94,6,100
2017-10-11,95,11,106
2017-10-12,91,13,104
2017-10-13,90,14,104
2017-10-14,93,7,100
2017-10-15,62,9,71
2017-10-16,61,8,69
2017-10-17,89,11,100
2017-10-18,102,15,117
2017-10-19,97,16,113
2017-10-20,93,12,105
2017-10-21,84,14,98
2017-10-22,71,12,83
2017-10-23,58,19,77
2017-10-24,73,9,82
2017-10-25,83,14,97
2017-10-26,88,10,98
2017-10-27,77,15,92
2017-10-28,89,13,102
2017-10-29,65,6,71
2017-10-30,71,9,80
2017-10-31,77,17,94
2017-11-01,78,18,96
2017-11-02,70,15,85
2017-11-03,102,17,119
2017-11-04,70,9,79
2017-11-05,76,8,84
2017-11-06,97,13,110
2017-11-07,108,18,126
2017-11-08,95,13,108
2017-11-09,97,6,103
2017-11-10,99,7,106
2017-11-11,106,7,113
2017-11-12,48,15,63
2017-11-13,84,9,93
2017-11-14,72,10,82
2017-11-15,79,14,93
2017-11-16,73,11,84
2017-11-17,100,16,116
2017-11-18,100,11,111
2017-11-19,70,7,77
2017-11-20,75,4,79
2017-11-21,63,11,74
2017-11-22,82,16,98
2017-11-23,86,18,104
2017-11-24,78,12,90
2017-11-25,101,11,112
2017-11-26,74,6,80
2017-11-27,98,11,109
2017-11-28,82,9,91
2017-11-29,87,11,98
2017-11-30,83,8,91
2017-12-01,110,9,119
2017-12-02,75,8,83
2017-12-03,58,4,62
2017-12-04,73,11,84
2017-12-05,92,14,106
2017-12-06,87,14,101
2017-12-07,103,14,117
2017-12-08,83,13,96
2017-12-09,94,7,101
2017-12-10,58,2,60
2017-12-11,69,8,77
2017-12-12,90,15,105
2017-12-13,89,6,95
2017-12-14,96,12,108
2017-12-15,99,16,115
2017-12-16,77,10,87
2017-12-17,67,10,77
2017-12-18,104,11,115
2017-12-19,76,9,85
2017-12-20,66,9,75
2017-12-21,68,13,81
2017-12-22,75,14,89
2017-12-23,47,5,52
2017-12-24,48,4,52
2017-12-25,28,6,34
2017-12-26,69,3,72
2017-12-27,59,5,64
2017-12-28,50,9,59
2017-12-29,49,2,51
2017-12-30,68,9,77
2017-12-31,47,3,50
2018-01-01,55,13,68
2018-01-02,50,6,56
2018-01-03,49,8,57
2018-01-04,58,7,65
2018-01-05,61,8,69
2018-01-06,56,13,69
2018-01-07,46,7,53
2018-01-08,66,7,73
2018-01-09,75,12,87
2018-01-10,68,12,80
2018-01-11,69,8,77
2018-01-12,73,18,91
2018-01-13,54,9,63
2018-01-14,66,10,76
2018-01-15,69,8,77
2018-01-16,84,10,94
2018-01-17,83,8,91
2018-01-18,93,7,100
2018-01-19,98,7,105
2018-01-20,88,8,96
2018-01-21,51,9,60
2018-01-22,72,7,79
2018-01-23,72,11,83
2018-01-24,90,10,100
2018-01-25,85,12,97
2018-01-26,69,20,89
2018-01-27,68,6,74
2018-01-28,56,10,66
2018-01-29,81,5,86
2018-01-30,69,8,77
2018-01-31,90,4,94
2018-02-01,97,17,114
2018-02-02,92,5,97
2018-02-03,69,9,78
2018-02-04,49,8,57
2018-02-05,77,7,84
2018-02-06,53,9,62
2018-02-07,69,12,81
2018-02-08,62,8,70
2018-02-09,80,8,88
2018-02-10,72,4,76
2018-02-11,65,5,70
2018-02-12,66,21,87
2018-02-13,86,9,95
2018-02-14,86,8,94
2018-02-15,69,8,77
2018-02-16,71,14,85
2018-02-17,96,8,104
2018-02-18,67,7,74
2018-02-19,65,8,73
2018-02-20,63,7,70
2018-02-21,77,11,88
2018-02-22,61,11,72
2018-02-23,88,14,102
2018-02-24,77,6,83
2018-02-25,52,9,61
2018-02-26,57,9,66
2018-02-27,62,14,76
2018-02-28,50,5,55
2018-03-01,32,3,35
2018-03-02,56,2,58
2018-03-03,48,8,56
2018-03-04,33,11,44
2018-03-05,63,12,75
2018-03-06,66,13,79
2018-03-07,65,6,71
2018-03-08,80,17,97
2018-03-09,81,9,90
2018-03-10,64,8,72
2018-03-11,51,11,62
2018-03-12,63,11,74
2018-03-13,71,10,81
2018-03-14,77,7,84
2018-03-15,67,13,80
2018-03-16,79,13,92
2018-03-17,66,10,76
2018-03-18,46,11,57
2018-03-19,44,7,51
2018-03-20,75,9,84
2018-03-21,87,13,100
2018-03-22,56,6,62
2018-03-23,76,9,85
2018-03-24,81,9,90
2018-03-25,58,10,68
2018-03-26,68,7,75
2018-03-27,65,10,75
2018-03-28,57,13,70
2018-03-29,91,8,99
2018-03-30,56,6,62
2018-03-31,49,10,59
2018-04-01,48,5,53
2018-04-02,39,7,46
2018-04-03,51,6,57
2018-04-04,34,4,38
2018-04-05,83,19,102
2018-04-06,66,6,72
2018-04-07,73,10,83
2018-04-08,64,6,70
2018-04-09,57,6,63
2018-04-10,56,5,61
2018-04-11,62,17,79
2018-04-12,59,8,67
2018-04-13,64,11,75
2018-04-14,71,10,81
2018-04-15,55,8,63
2018-04-16,70,5,75
2018-04-17,63,11,74
2018-04-18,98,22,120
2018-04-19,81,16,97
2018-04-20,78,11,89
2018-04-21,115,18,133
2018-04-22,58,5,63
2018-04-23,79,15,94
2018-04-24,78,12,90
2018-04-25,85,14,99
2018-04-26,71,15,86
2018-04-27,97,13,110
2018-04-28,79,17,96
2018-04-29,50,3,53
2018-04-30,66,4,70
2018-05-01,74,14,88
2018-05-02,94,10,104
2018-05-03,88,14,102
2018-05-04,97,14,111
2018-05-05,61,13,74
2018-05-06,54,12,66
2018-05-07,71,10,81
2018-05-08,100,16,116
2018-05-09,77,12,89
2018-05-10,77,13,90
2018-05-11,82,7,89
2018-05-12,98,10,108
2018-05-13,65,5,70
2018-05-14,80,8,88
2018-05-15,74,16,90
2018-05-16,81,10,91
2018-05-17,98,12,110
2018-05-18,85,17,102
2018-05-19,89,17,106
2018-05-20,59,13,72
2018-05-21,67,12,79
2018-05-22,81,15,96
2018-05-23,88,11,99
2018-05-24,52,12,64
2018-05-25,103,20,123
2018-05-26,78,11,89
2018-05-27,75,2,77
2018-05-28,53,9,62
2018-05-29,91,10,101
2018-05-30,64,13,77
2018-05-31,58,9,67
2018-06-01,78,9,87
2018-06-02,46,6,52
2018-06-03,68,6,74
2018-06-04,59,8,67
2018-06-05,77,11,88
2018-06-06,86,17,103
2018-06-07,72,11,83
2018-06-08,78,10,88
2018-06-09,75,5,80
2018-06-10,59,10,69
2018-06-11,102,15,117
2018-06-12,74,12,86
2018-06-13,68,2,70
2018-06-14,97,16,113
2018-06-15,73,16,89
2018-06-16,90,9,99
2018-06-17,55,7,62
2018-06-18,75,12,87
2018-06-19,74,20,94
2018-06-20,79,12,91
2018-06-21,122,13,135
2018-06-22,79,16,95
2018-06-23,64,20,84
2018-06-24,85,14,99
2018-06-25,104,11,115
2018-06-26,109,7,116
2018-06-27,90,19,109
2018-06-28,66,15,81
2018-06-29,131,12,143
2018-06-30,87,17,104
2018-07-01,62,20,82
2018-07-02,98,15,113
2018-07-03,101,9,110
2018-07-04,81,9,90
2018-07-05,85,15,100
2018-07-06,78,21,99
2018-07-07,72,10,82
2018-07-08,74,10,84
2018-07-09,74,8,82
2018-07-10,101,23,124
2018-07-11,93,15,108
2018-07-12,82,17,99
2018-07-13,97,18,115
2018-07-14,60,9,69
2018-07-15,57,7,64
2018-07-16,69,13,82
2018-07-17,82,20,102
2018-07-18,64,14,78
2018-07-19,63,9,72
2018-07-20,68,11,79
2018-07-21,65,4,69
2018-07-22,60,12,72
2018-07-23,78,15,93
2018-07-24,72,8,80
2018-07-25,75,14,89
2018-07-26,68,8,76
2018-07-27,94,10,104
2018-07-28,68,5,73
2018-07-29,66,7,73
2018-07-30,59,11,70
2018-07-31,66,7,73
2018-08-01,83,11,94
2018-08-02,70,13,83
2018-08-03,68,17,85
2018-08-04,64,12,76
2018-08-05,78,9,87
2018-08-06,82,9,91
2018-08-07,70,12,82
2018-08-08,72,13,85
2018-08-09,86,9,95
2018-08-10,93,12,105
2018-08-11,52,13,65
2018-08-12,35,7,42
2018-08-13,58,11,69
2018-08-14,58,12,70
2018-08-15,70,13,83
2018-08-16,57,6,63
2018-08-17,67,7,74
2018-08-18,53,5,58
2018-08-19,43,6,49
2018-08-20,51,7,58
2018-08-21,62,7,69
2018-08-22,64,17,81
2018-08-23,73,9,82
2018-08-24,63,15,78
2018-08-25,60,8,68
2018-08-26,70,10,80
2018-08-27,50,6,56
2018-08-28,59,10,69
2018-08-29,55,8,63
2018-08-30,76,7,83
2018-08-31,57,13,70
2018-09-01,75,7,82
2018-09-02,82,11,93
2018-09-03,65,11,76
2018-09-04,70,14,84
2018-09-05,75,10,85
2018-09-06,71,14,85
2018-09-07,78,8,86
2018-09-08,60,9,69
2018-09-09,72,11,83
2018-09-10,61,9,70
2018-09-11,78,13,91
2018-09-12,73,16,89
2018-09-13,94,16,110
2018-09-14,82,7,89
2018-09-15,79,12,91
2018-09-16,48,9,57
2018-09-17,71,16,87
2018-09-18,67,22,89
2018-09-19,91,12,103
2018-09-20,67,13,80
2018-09-21,78,12,90
2018-09-22,94,9,103
2018-09-23,60,8,68
2018-09-24,81,11,92
2018-09-25,86,13,99
2018-09-26,77,13,90
2018-09-27,79,12,91
2018-09-28,90,12,102
2018-09-29,97,10,107
2018-09-30,63,15,78
2018-10-01,66,13,79
2018-10-02,66,8,74
2018-10-03,87,17,104
2018-10-04,74,7,81
2018-10-05,83,16,99
2018-10-06,95,20,115
2018-10-07,60,10,70
2018-10-08,82,9,91
2018-10-09,89,12,101
2018-10-10,100,17,117
2018-10-11,71,13,84
2018-10-12,81,14,95
2018-10-13,71,8,79
2018-10-14,79,12,91
2018-10-15,55,11,66
2018-10-16,81,12,93
2018-10-17,82,10,92
2018-10-18,59,11,70
2018-10-19,92,19,111
2018-10-20,77,11,88
2018-10-21,70,6,76
2018-10-22,83,17,100
2018-10-23,66,8,74
2018-10-24,69,9,78
2018-10-25,79,12,91
2018-10-26,86,23,109
2018-10-27,72,10,82
2018-10-28,58,8,66
2018-10-29,82,15,97
2018-10-30,50,12,62
2018-10-31,84,11,95
2018-11-01,88,8,96
2018-11-02,111,15,126
2018-11-03,83,8,91
2018-11-04,50,3,53
2018-11-05,53,7,60
2018-11-06,61,12,73
2018-11-07,75,12,87
2018-11-08,94,13,107
2018-11-09,95,15,110
2018-11-10,95,11,106
2018-11-11,82,9,91
2018-11-12,85,13,98
2018-11-13,105,19,124
2018-11-14,81,10,91
2018-11-15,62,15,77
2018-11-16,75,8,83
2018-11-17,71,13,84
2018-11-18,44,14,58
2018-11-19,99,11,110
2018-11-20,86,11,97
2018-11-21,75,14,89
2018-11-22,72,9,81
2018-11-23,82,10,92
2018-11-24,72,6,78
2018-11-25,55,14,69
2018-11-26,73,13,86
2018-11-27,83,11,94
2018-11-28,101,12,113
2018-11-29,76,12,88
2018-11-30,102,12,114
2018-12-01,81,13,94
2018-12-02,56,5,61
2018-12-03,84,6,90
2018-12-04,90,15,105
2018-12-05,73,19,92
2018-12-06,78,14,92
2018-12-07,101,9,110
2018-12-08,77,7,84
2018-12-09,47,7,54
2018-12-10,56,9,65
2018-12-11,83,14,97
2018-12-12,92,16,108
2018-12-13,87,17,104
2018-12-14,74,13,87
2018-12-15,97,7,104
2018-12-16,62,7,69
2018-12-17,74,10,84
2018-12-18,80,12,92
2018-12-19,74,7,81
2018-12-20,67,14,81
2018-12-21,79,13,92
2018-12-22,73,8,81
2018-12-23,54,7,61
2018-12-24,63,6,69
2018-12-25,28,9,37
2018-12-26,34,5,39
2018-12-27,57,3,60
2018-12-28,42,11,53
2018-12-29,45,10,55
2018-12-30,57,4,61
2018-12-31,62,11,73
2019-01-01,52,8,60
2019-01-02,48,4,52
2019-01-03,52,8,60
2019-01-04,49,7,56
2019-01-05,44,11,55
2019-01-06,32,4,36
2019-01-07,61,6,67
2019-01-08,56,13,69
2019-01-09,73,12,85
2019-01-10,74,18,92
2019-01-11,69,9,78
2019-01-12,56,9,65
2019-01-13,31,4,35
2019-01-14,47,13,60
2019-01-15,47,11,58
2019-01-16,71,13,84
2019-01-17,86,2,88
2019-01-18,79,10,89
2019-01-19,56,7,63
2019-01-20,54,10,64
2019-01-21,67,7,74
2019-01-22,88,8,96
2019-01-23,93,17,110
2019-01-24,78,6,84
2019-01-25,65,15,80
2019-01-26,67,7,74
2019-01-27,35,11,46
2019-01-28,79,16,95
2019-01-29,75,14,89
2019-01-30,85,15,100
2019-01-31,56,10,66
2019-02-01,74,14,88
2019-02-02,79,12,91
2019-02-03,86,14,100
2019-02-04,64,7,71
2019-02-05,69,14,83
2019-02-06,58,12,70
2019-02-07,51,9,60
2019-02-08,70,8,78
2019-02-09,67,13,80
2019-02-10,67,5,72
2019-02-11,58,11,69
2019-02-12,53,10,63
2019-02-13,68,14,82
2019-02-14,96,12,108
2019-02-15,76,12,88
2019-02-16,68,4,72
2019-02-17,63,8,71
2019-02-18,77,6,83
2019-02-19,76,14,90
2019-02-20,74,4,78
2019-02-21,64,17,81
2019-02-22,67,13,80
2019-02-23,69,16,85
2019-02-24,62,13,75
2019-02-25,73,13,86
2019-02-26,75,13,88
2019-02-27,75,12,87
2019-02-28,64,8,72
2019-03-01,54,11,65
2019-03-02,73,8,81
2019-03-03,42,12,54
2019-03-04,66,14,80
2019-03-05,69,16,85
2019-03-06,72,12,84
2019-03-07,68,12,80
2019-03-08,81,11,92
2019-03-09,52,15,67
2019-03-10,44,5,49
2019-03-11,73,6,79
2019-03-12,77,11,88
2019-03-13,70,8,78
2019-03-14,61,9,70
2019-03-15,80,9,89
2019-03-16,57,6,63
2019-03-17,63,9,72
2019-03-18,57,13,70
2019-03-19,49,12,61
2019-03-20,72,14,86
2019-03-21,58,11,69
2019-03-22,65,11,76
2019-03-23,74,10,84
2019-03-24,56,7,63
2019-03-25,73,11,84
2019-03-26,75,15,90
2019-03-27,57,9,66
2019-03-28,59,8,67
2019-03-29,99,21,120
2019-03-30,81,13,94
2019-03-31,73,12,85
2019-04-01,87,10,97
2019-04-02,85,5,90
2019-04-03,74,10,84
2019-04-04,83,10,93
2019-04-05,65,9,74
2019-04-06,55,6,61
2019-04-07,66,6,72
2019-04-08,48,4,52
2019-04-09,41,13,54
2019-04-10,78,12,90
2019-04-11,56,6,62
2019-04-12,63,7,70
2019-04-13,61,15,76
2019-04-14,58,9,67
2019-04-15,57,7,64
2019-04-16,52,14,66
2019-04-17,53,10,63
2019-04-18,68,9,77
2019-04-19,48,10,58
2019-04-20,77,12,89
2019-04-21,52,9,61
2019-04-22,42,5,47
2019-04-23,61,5,66
2019-04-24,73,13,86
2019-04-25,73,9,82
2019-04-26,81,15,96
2019-04-27,60,6,66
2019-04-28,48,6,54
2019-04-29,72,11,83
2019-04-30,74,9,83
2019-05-01,72,8,80
2019-05-02,71,13,84
2019-05-03,77,14,91
2019-05-04,78,16,94
2019-05-05,81,8,89
2019-05-06,52,5,57
2019-05-07,92,14,106
2019-05-08,56,10,66
2019-05-09,77,7,84
2019-05-10,73,10,83
2019-05-11,75,12,87
2019-05-12,70,12,82
2019-05-13,96,7,103
2019-05-14,67,8,75
2019-05-15,79,14,93
2019-05-16,90,21,111
2019-05-17,66,5,71
2019-05-18,76,15,91
2019-05-19,52,9,61
2019-05-20,65,11,76
2019-05-21,79,14,93
2019-05-22,83,19,102
2019-05-23,90,17,107
2019-05-24,102,12,114
2019-05-25,50,9,59
2019-05-26,56,6,62
2019-05-27,46,6,52
2019-05-28,49,4,53
2019-05-29,67,10,77
2019-05-30,65,11,76
2019-05-31,57,8,65
2019-06-01,76,11,87
2019-06-02,52,9,61
2019-06-03,75,14,89
2019-06-04,109,9,118
2019-06-05,62,12,74
2019-06-06,84,9,93
2019-06-07,110,9,119
2019-06-08,78,9,87
2019-06-09,57,6,63
2019-06-10,81,11,92
2019-06-11,64,15,79
2019-06-12,85,5,90
2019-06-13,72,6,78
2019-06-14,69,16,85
2019-06-15,75,5,80
2019-06-16,90,14,104
2019-06-17,62,6,68
2019-06-18,90,9,99
2019-06-19,77,10,87
2019-06-20,76,18,94
2019-06-21,80,15,95
2019-06-22,87,12,99
2019-06-23,67,8,75
2019-06-24,75,18,93
2019-06-25,71,7,78
2019-06-26,61,6,67
2019-06-27,81,16,97
2019-06-28,94,12,106
2019-06-29,102,14,116
2019-06-30,67,11,78
2019-07-01,81,18,99
2019-07-02,74,10,84
2019-07-03,75,13,88
2019-07-04,72,15,87
2019-07-05,107,17,124
2019-07-06,60,6,66
2019-07-07,64,9,73
2019-07-08,88,10,98
2019-07-09,69,10,79
2019-07-10,72,16,88
2019-07-11,73,12,85
2019-07-12,93,17,110
2019-07-13,53,10,63
2019-07-14,63,9,72
2019-07-15,97,9,106
2019-07-16,68,8,76
2019-07-17,82,17,99
2019-07-18,67,9,76
2019-07-19,86,6,92
2019-07-20,81,12,93
2019-07-21,61,8,69
2019-07-22,81,12,93
2019-07-23,107,14,121
2019-07-24,82,15,97
2019-07-25,58,13,71
2019-07-26,88,15,103
2019-07-27,62,10,72
2019-07-28,67,8,75
2019-07-29,43,16,59
2019-07-30,59,6,65
2019-07-31,88,10,98
2019-08-01,96,19,115
2019-08-02,76,12,88
2019-08-03,58,8,66
2019-08-04,61,13,74
2019-08-05,55,11,66
2019-08-06,69,14,83
2019-08-07,62,8,70
2019-08-08,62,15,77
2019-08-09,91,11,102
2019-08-10,87,11,98
2019-08-11,51,10,61
2019-08-12,40,5,45
2019-08-13,47,12,59
2019-08-14,78,9,87
2019-08-15,68,9,77
2019-08-16,81,8,89
2019-08-17,79,10,89
2019-08-18,50,8,58
2019-08-19,72,16,88
2019-08-20,51,6,57
2019-08-21,89,7,96
2019-08-22,62,13,75
2019-08-23,86,13,99
2019-08-24,65,10,75
2019-08-25,74,13,87
2019-08-26,67,5,72
2019-08-27,77,14,91
2019-08-28,64,8,72
2019-08-29,69,6,75
2019-08-30,78,11,89
2019-08-31,76,8,84
2019-09-01,57,11,68
2019-09-02,72,13,85
2019-09-03,52,13,65
2019-09-04,86,11,97
2019-09-05,71,11,82
2019-09-06,72,13,85
2019-09-07,75,10,85
2019-09-08,87,11,98
2019-09-09,80,9,89
2019-09-10,71,12,83
2019-09-11,65,11,76
2019-09-12,83,8,91
2019-09-13,84,13,97
2019-09-14,85,16,101
2019-09-15,61,15,76
2019-09-16,79,11,90
2019-09-17,99,12,111
2019-09-18,78,9,87
2019-09-19,82,11,93
2019-09-20,118,17,135
2019-09-21,73,15,88
2019-09-22,46,5,51
2019-09-23,91,13,104
2019-09-24,72,11,83
2019-09-25,64,11,75
2019-09-26,81,10,91
2019-09-27,80,14,94
2019-09-28,79,8,87
2019-09-29,53,5,58
2019-09-30,66,10,76
2019-10-01,89,8,97
2019-10-02,94,8,102
2019-10-03,71,9,80
2019-10-04,103,8,111
2019-10-05,76,7,83
2019-10-06,62,4,66
2019-10-07,64,12,76
2019-10-08,89,13,102
2019-10-09,85,10,95
2019-10-10,75,14,89
2019-10-11,83,6,89
2019-10-12,76,6,82
2019-10-13,78,10,88
2019-10-14,91,10,101
2019-10-15,72,14,86
2019-10-16,88,13,101
2019-10-17,69,11,80
2019-10-18,72,15,87
2019-10-19,84,10,94
2019-10-20,66,2,68
2019-10-21,66,7,73
2019-10-22,60,8,68
2019-10-23,73,7,80
2019-10-24,69,12,81
2019-10-25,76,11,87
2019-10-26,89,10,99
2019-10-27,68,8,76
2019-10-28,82,8,90
2019-10-29,75,8,83
2019-10-30,64,11,75
2019-10-31,115,9,124
2019-11-01,108,11,119
2019-11-02,98,9,107
2019-11-03,69,4,73
2019-11-04,81,6,87
2019-11-05,78,5,83
2019-11-06,67,4,71
2019-11-07,77,7,84
2019-11-08,97,14,111
2019-11-09,75,8,83
2019-11-10,77,18,95
2019-11-11,86,10,96
2019-11-12,82,9,91
2019-11-13,91,15,106
2019-11-14,110,14,124
2019-11-15,105,21,126
2019-11-16,68,8,76
2019-11-17,51,6,57
2019-11-18,64,9,73
2019-11-19,59,10,69
2019-11-20,79,9,88
2019-11-21,81,10,91
2019-11-22,82,13,95
2019-11-23,102,7,109
2019-11-24,48,8,56
2019-11-25,73,10,83
2019-11-26,78,12,90
2019-11-27,80,11,91
2019-11-28,94,14,108
2019-11-29,92,9,101
2019-11-30,83,11,94
2019-12-01,60,6,66
2019-12-02,99,12,111
2019-12-03,78,6,84
2019-12-04,118,18,136
2019-12-05,87,6,93
2019-12-06,66,4,70
2019-12-07,59,14,73
2019-12-08,63,13,76
2019-12-09,72,17,89
2019-12-10,71,8,79
2019-12-11,79,14,93
2019-12-12,80,13,93
2019-12-13,96,13,109
2019-12-14,90,12,102
2019-12-15,53,9,62
2019-12-16,75,6,81
2019-12-17,69,10,79
2019-12-18,83,8,91
2019-12-19,70,12,82
2019-12-20,92,8,100
2019-12-21,74,5,79
2019-12-22,50,8,58
2019-12-23,73,9,82
2019-12-24,54,7,61
2019-12-25,34,6,40
2019-12-26,23,4,27
2019-12-27,40,4,44
2019-12-28,47,5,52
2019-12-29,46,7,53
2019-12-30,44,4,48
2019-12-31,56,6,62
2020-01-01,52,11,63
2020-01-02,42,7,49
2020-01-03,45,2,47
2020-01-04,54,9,63
2020-01-05,38,1,39
2020-01-06,53,9,62
2020-01-07,73,11,84
2020-01-08,60,7,67
2020-01-09,83,5,88
2020-01-10,65,9,74
2020-01-11,55,3,58
2020-01-12,47,6,53
2020-01-13,77,10,87
2020-01-14,96,11,107
2020-01-15,76,11,87
2020-01-16,61,11,72
2020-01-17,70,15,85
2020-01-18,69,8,77
2020-01-19,60,11,71
2020-01-20,61,5,66
2020-01-21,75,9,84
2020-01-22,85,3,88
2020-01-23,61,7,68
2020-01-24,91,11,102
2020-01-25,44,8,52
2020-01-26,49,6,55
2020-01-27,65,7,72
2020-01-28,79,7,86
2020-01-29,73,8,81
2020-01-30,55,8,63
2020-01-31,91,11,102
2020-02-01,83,9,92
2020-02-02,64,8,72
2020-02-03,72,6,78
2020-02-04,74,6,80
2020-02-05,65,9,74
2020-02-06,75,14,89
2020-02-07,67,11,78
2020-02-08,77,10,87
2020-02-09,50,3,53
2020-02-10,71,9,80
2020-02-11,61,9,70
2020-02-12,84,5,89
2020-02-13,66,12,78
2020-02-14,83,8,91
2020-02-15,72,8,80
2020-02-16,48,6,54
2020-02-17,69,5,74
2020-02-18,68,10,78
2020-02-19,51,4,55
2020-02-20,72,14,86
2020-02-21,54,7,61
2020-02-22,47,7,54
2020-02-23,61,5,66
2020-02-24,45,6,51
2020-02-25,81,7,88
2020-02-26,75,15,90
2020-02-27,65,8,73
2020-02-28,71,6,77
2020-02-29,76,8,84
2020-03-01,61,7,68
2020-03-02,56,7,63
2020-03-03,66,6,72
2020-03-04,75,10,85
2020-03-05,74,9,83
2020-03-06,77,12,89
2020-03-07,53,9,62
2020-03-08,69,3,72
2020-03-09,72,11,83
2020-03-10,62,2,64
2020-03-11,54,11,65
2020-03-12,54,7,61
2020-03-13,50,5,55
2020-03-14,62,11,73
2020-03-15,49,3,52
2020-03-16,55,9,64
2020-03-17,46,9,55
2020-03-18,54,10,64
2020-03-19,59,2,61
2020-03-20,50,9,59
2020-03-21,30,6,36
2020-03-22,26,2,28
2020-03-23,47,4,51
2020-03-24,15,1,16
2020-03-25,26,6,32
2020-03-26,13,7,20
2020-03-27,19,5,24
2020-03-28,10,1,11
2020-03-29,10,2,12
2020-03-30,8,2,10
2020-03-31,17,4,21
2020-04-01,26,2,28
2020-04-02,18,5,23
2020-04-03,18,2,20
2020-04-04,21,3,24
2020-04-05,23,5,28
2020-04-06,27,3,30
2020-04-07,30,5,35
2020-04-08,17,2,19
2020-04-09,17,2,19
2020-04-10,23,1,24
2020-04-11,23,4,27
2020-04-12,23,3,26
2020-04-13,23,3,26
2020-04-14,33,7,40
2020-04-15,18,4,22
2020-04-16,22,3,25
2020-04-17,20,5,25
2020-04-18,16,1,17
2020-04-19,15,2,17
2020-04-20,22,6,28
2020-04-21,29,4,33
2020-04-22,31,5,36
2020-04-23,28,5,33
2020-04-24,29,4,33
2020-04-25,39,0,39
2020-04-26,28,5,33
2020-04-27,36,7,43
2020-04-28,21,3,24
2020-04-29,21,3,24
2020-04-30,28,4,32
2020-05-01,37,5,42
2020-05-02,34,7,41
2020-05-03,17,3,20
2020-05-04,43,8,51
2020-05-05,41,9,50
2020-05-06,44,6,50
2020-05-07,44,5,49
2020-05-08,47,7,54
2020-05-09,35,4,39
2020-05-10,24,9,33
2020-05-11,20,4,24
2020-05-12,42,2,44
2020-05-13,30,5,35
2020-05-14,49,5,54
2020-05-15,41,5,46
2020-05-16,39,2,41
2020-05-17,37,6,43
2020-05-18,45,5,50
2020-05-19,53,7,60
2020-05-20,45,10,55
2020-05-21,49,9,58
2020-05-22,67,7,74
2020-05-23,48,8,56
2020-05-24,38,9,47
2020-05-25,43,14,57
2020-05-26,44,7,51
2020-05-27,47,3,50
2020-05-28,64,6,70
2020-05-29,60,4,64
2020-05-30,51,4,55
2020-05-31,55,13,68
2020-06-01,59,5,64
2020-06-02,49,13,62
2020-06-03,48,8,56
2020-06-04,44,8,52
2020-06-05,79,5,84
2020-06-06,40,3,43
2020-06-07,23,8,31
2020-06-08,36,7,43
2020-06-09,54,7,61
2020-06-10,48,6,54
2020-06-11,48,9,57
2020-06-12,55,6,61
2020-06-13,60,5,65
2020-06-14,43,7,50
2020-06-15,45,11,56
2020-06-16,71,8,79
2020-06-17,45,6,51
2020-06-18,62,4,66
2020-06-19,77,9,86
2020-06-20,63,10,73
2020-06-21,43,3,46
2020-06-22,68,10,78
2020-06-23,66,9,75
2020-06-24,59,9,68
2020-06-25,79,12,91
2020-06-26,99,10,109
2020-06-27,51,5,56
2020-06-28,45,6,51
2020-06-29,45,9,54
2020-06-30,57,8,65
2020-07-01,48,13,61
2020-07-02,68,5,73
2020-07-03,76,10,86
2020-07-04,55,2,57
2020-07-05,66,5,71
2020-07-06,52,9,61
2020-07-07,70,8,78
2020-07-08,82,6,88
2020-07-09,45,5,50
2020-07-10,77,15,92
2020-07-11,56,10,66
2020-07-12,63,10,73
2020-07-13,60,12,72
2020-07-14,62,7,69
2020-07-15,63,8,71
2020-07-16,58,9,67
2020-07-17,105,9,114
2020-07-18,73,5,78
2020-07-19,52,4,56
2020-07-20,57,9,66
2020-07-21,74,14,88
2020-07-22,79,8,87
2020-07-23,73,11,84
2020-07-24,75,11,86
2020-07-25,67,9,76
2020-07-26,52,9,61
2020-07-27,58,8,66
2020-07-28,48,10,58
2020-07-29,56,15,71
2020-07-30,90,14,104
2020-07-31,82,10,92
2020-08-01,70,6,76
2020-08-02,48,10,58
2020-08-03,55,13,68
2020-08-04,65,11,76
2020-08-05,88,10,98
2020-08-06,62,8,70
2020-08-07,68,7,75
2020-08-08,68,10,78
2020-08-09,54,8,62
2020-08-10,66,15,81
2020-08-11,56,10,66
2020-08-12,83,10,93
2020-08-13,90,7,97
2020-08-14,53,8,61
2020-08-15,59,7,66
2020-08-16,74,6,80
2020-08-17,64,7,71
2020-08-18,58,13,71
2020-08-19,81,9,90
2020-08-20,76,17,93
2020-08-21,68,14,82
2020-08-22,77,9,86
2020-08-23,53,4,57
2020-08-24,85,6,91
2020-08-25,63,7,70
2020-08-26,56,12,68
2020-08-27,74,8,82
2020-08-28,84,4,88
2020-08-29,63,7,70
2020-08-30,60,9,69
2020-08-31,58,7,65
2020-09-01,76,7,83
2020-09-02,76,13,89
2020-09-03,66,12,78
2020-09-04,94,14,108
2020-09-05,67,7,74
2020-09-06,62,10,72
2020-09-07,54,8,62
2020-09-08,60,9,69
2020-09-09,61,13,74
2020-09-10,69,11,80
2020-09-11,71,14,85
2020-09-12,85,11,96
2020-09-13,57,9,66
2020-09-14,73,19,92
2020-09-15,110,2,112
2020-09-16,74,12,86
2020-09-17,96,14,110
2020-09-18,95,15,110
2020-09-19,84,10,94
2020-09-20,76,11,87
2020-09-21,72,10,82
2020-09-22,90,9,99
2020-09-23,67,8,75
2020-09-24,77,16,93
2020-09-25,97,13,110
2020-09-26,65,10,75
2020-09-27,38,7,45
2020-09-28,60,16,76
2020-09-29,65,14,79
2020-09-30,112,14,126
2020-10-01,74,15,89
2020-10-02,115,13,128
2020-10-03,68,9,77
2020-10-04,62,7,69
2020-10-05,63,9,72
2020-10-06,69,8,77
2020-10-07,61,14,75
2020-10-08,71,14,85
2020-10-09,110,8,118
2020-10-10,59,10,69
2020-10-11,56,8,64
2020-10-12,69,9,78
2020-10-13,61,8,69
2020-10-14,52,14,66
2020-10-15,77,15,92
2020-10-16,90,13,103
2020-10-17,65,9,74
2020-10-18,47,6,53
2020-10-19,64,6,70
2020-10-20,66,13,79
2020-10-21,77,13,90
2020-10-22,68,10,78
2020-10-23,75,12,87
2020-10-24,76,5,81
2020-10-25,58,9,67
2020-10-26,63,12,75
2020-10-27,52,10,62
2020-10-28,71,8,79
2020-10-29,50,16,66
2020-10-30,52,8,60
2020-10-31,86,11,97
2020-11-01,58,4,62
2020-11-02,50,12,62
2020-11-03,75,7,82
2020-11-04,97,16,113
2020-11-05,59,7,66
2020-11-06,60,11,71
2020-11-07,50,7,57
2020-11-08,32,3,35
2020-11-09,60,14,74
2020-11-10,70,14,84
2020-11-11,59,8,67
2020-11-12,45,13,58
2020-11-13,65,10,75
2020-11-14,47,5,52
2020-11-15,39,4,43
2020-11-16,77,8,85
2020-11-17,64,9,73
2020-11-18,75,15,90
2020-11-19,57,8,65
2020-11-20,78,8,86
2020-11-21,47,11,58
2020-11-22,37,7,44
2020-11-23,61,5,66
2020-11-24,59,15,74
2020-11-25,50,12,62
2020-11-26,52,10,62
2020-11-27,54,9,63
2020-11-28,47,4,51
2020-11-29,33,4,37
2020-11-30,67,9,76
2020-12-01,62,12,74
2020-12-02,95,10,105
2020-12-03,110,10,120
2020-12-04,104,12,116
2020-12-05,91,9,100
2020-12-06,62,13,75
2020-12-07,71,9,80
2020-12-08,57,15,72
2020-12-09,84,9,93
2020-12-10,68,22,90
2020-12-11,93,13,106
2020-12-12,59,11,70
2020-12-13,42,4,46
2020-12-14,68,8,76
2020-12-15,79,10,89
2020-12-16,90,10,100
2020-12-17,59,5,64
2020-12-18,83,8,91
2020-12-19,67,9,76
2020-12-20,32,5,37
2020-12-21,61,9,70
2020-12-22,42,8,50
2020-12-23,55,6,61
2020-12-24,51,6,57
2020-12-25,22,3,25
2020-12-26,36,5,41
2020-12-27,38,5,43
2020-12-28,29,8,37
2020-12-29,24,5,29
2020-12-30,42,3,45
2020-12-31,56,8,64
2021-01-01,27,6,33
2021-01-02,42,4,46
2021-01-03,27,7,34
2021-01-04,23,9,32
2021-01-05,37,7,44
2021-01-06,46,4,50
2021-01-07,43,8,51
2021-01-08,49,12,61
2021-01-09,61,10,71
2021-01-10,30,3,33
2021-01-11,31,2,33
2021-01-12,28,3,31
2021-01-13,34,2,36
2021-01-14,57,7,64
2021-01-15,41,3,44
2021-01-16,32,3,35
2021-01-17,31,5,36
2021-01-18,26,5,31
2021-01-19,25,3,28
2021-01-20,44,8,52
2021-01-21,43,7,50
2021-01-22,68,11,79
2021-01-23,52,6,58
2021-01-24,24,2,26
2021-01-25,39,4,43
2021-01-26,45,8,53
2021-01-27,43,7,50
2021-01-28,41,5,46
2021-01-29,41,5,46
2021-01-30,48,6,54
2021-01-31,39,5,44
2021-02-01,45,7,52
2021-02-02,44,4,48
2021-02-03,30,4,34
2021-02-04,48,6,54
2021-02-05,64,8,72
2021-02-06,46,7,53
2021-02-07,31,4,35
2021-02-08,29,2,31
2021-02-09,23,3,26
2021-02-10,41,7,48
2021-02-11,38,6,44
2021-02-12,43,2,45
2021-02-13,50,3,53
2021-02-14,31,3,34
2021-02-15,56,2,58
2021-02-16,33,2,35
2021-02-17,51,4,55
2021-02-18,40,4,44
2021-02-19,55,3,58
2021-02-20,44,6,50
2021-02-21,37,6,43
2021-02-22,41,5,46
2021-02-23,49,16,65
2021-02-24,40,8,48
2021-02-25,36,5,41
2021-02-26,75,12,87
2021-02-27,48,14,62
2021-02-28,32,4,36
2021-03-01,32,6,38
2021-03-02,38,5,43
2021-03-03,41,5,46
2021-03-04,42,0,42
2021-03-05,54,11,65
2021-03-06,54,7,61
2021-03-07,33,12,45
2021-03-08,50,12,62
2021-03-09,63,8,71
2021-03-10,84,9,93
2021-03-11,46,8,54
2021-03-12,72,12,84
2021-03-13,58,3,61
2021-03-14,39,9,48
2021-03-15,58,8,66
2021-03-16,29,5,34
2021-03-17,52,8,60
2021-03-18,58,8,66
2021-03-19,72,14,86
2021-03-20,31,5,36
2021-03-21,52,4,56
2021-03-22,51,8,59
2021-03-23,57,8,65
2021-03-24,47,9,56
2021-03-25,59,8,67
2021-03-26,59,8,67
2021-03-27,40,8,48
2021-03-28,38,7,45
2021-03-29,48,15,63
2021-03-30,89,11,100
2021-03-31,60,10,70
2021-04-01,91,7,98
2021-04-02,46,7,53
2021-04-03,47,8,55
2021-04-04,51,20,71
2021-04-05,45,6,51
2021-04-06,59,4,63
2021-04-07,47,13,60
2021-04-08,57,6,63
2021-04-09,72,8,80
2021-04-10,54,7,61
2021-04-11,37,8,45
2021-04-12,49,11,60
2021-04-13,57,9,66
2021-04-14,59,6,65
2021-04-15,79,9,88
2021-04-16,83,18,101
2021-04-17,59,13,72
2021-04-18,52,8,60
2021-04-19,57,10,67
2021-04-20,70,14,84
2021-04-21,78,13,91
2021-04-22,76,9,85
2021-04-23,92,9,101
2021-04-24,80,10,90
2021-04-25,55,7,62
2021-04-26,80,13,93
2021-04-27,59,16,75
2021-04-28,66,10,76
2021-04-29,82,13,95
2021-04-30,117,12,129
2021-05-01,66,11,77
2021-05-02,72,7,79
2021-05-03,60,9,69
2021-05-04,71,6,77
2021-05-05,82,11,93
2021-05-06,73,11,84
2021-05-07,85,8,93
2021-05-08,42,4,46
2021-05-09,37,9,46
2021-05-10,68,10,78
2021-05-11,77,8,85
2021-05-12,69,9,78
2021-05-13,95,12,107
2021-05-14,68,13,81
2021-05-15,56,9,65
2021-05-16,58,8,66
2021-05-17,73,13,86
2021-05-18,67,8,75
2021-05-19,71,11,82
2021-05-20,87,8,95
2021-05-21,101,15,116
2021-05-22,90,5,95
2021-05-23,44,8,52
2021-05-24,68,10,78
2021-05-25,62,9,71
2021-05-26,61,9,70
2021-05-27,72,10,82
2021-05-28,108,12,120
2021-05-29,78,15,93
2021-05-30,62,7,69
2021-05-31,78,14,92
2021-06-01,81,19,100
2021-06-02,91,10,101
2021-06-03,85,10,95
2021-06-04,90,14,104
2021-06-05,65,10,75
2021-06-06,45,12,57
2021-06-07,50,10,60
2021-06-08,83,16,99
2021-06-09,82,23,105
2021-06-10,74,15,89
2021-06-11,98,10,108
2021-06-12,80,20,100
2021-06-13,82,9,91
2021-06-14,84,14,98
2021-06-15,81,12,93
2021-06-16,79,13,92
2021-06-17,88,10,98
2021-06-18,74,10,84
2021-06-19,47,4,51
2021-06-20,57,8,65
2021-06-21,53,9,62
2021-06-22,85,10,95
2021-06-23,71,11,82
2021-06-24,85,11,96
2021-06-25,87,13,100
2021-06-26,76,18,94
2021-06-27,62,12,74
2021-06-28,62,10,72
2021-06-29,61,12,73
2021-06-30,59,10,69
2021-07-01,79,11,90
2021-07-02,99,14,113
2021-07-03,72,9,81
2021-07-04,60,8,68
2021-07-05,80,12,92
2021-07-06,80,10,90
2021-07-07,73,9,82
2021-07-08,59,7,66
2021-07-09,75,12,87
2021-07-10,70,13,83
2021-07-11,62,6,68
2021-07-12,79,12,91
2021-07-13,96,15,111
2021-07-14,58,14,72
2021-07-15,64,15,79
2021-07-16,100,22,122
2021-07-17,63,16,79
2021-07-18,69,12,81
2021-07-19,62,5,67
2021-07-20,71,10,81
2021-07-21,58,11,69
2021-07-22,80,16,96
2021-07-23,86,6,92
2021-07-24,62,9,71
2021-07-25,47,7,54
2021-07-26,49,8,57
2021-07-27,65,10,75
2021-07-28,58,8,66
2021-07-29,74,14,88
2021-07-30,61,9,70
2021-07-31,67,13,80
2021-08-01,52,8,60
2021-08-02,63,3,66
2021-08-03,73,14,87
2021-08-04,77,8,85
2021-08-05,77,14,91
2021-08-06,48,11,59
2021-08-07,63,8,71
2021-08-08,49,7,56
2021-08-09,53,10,63
2021-08-10,68,8,76
2021-08-11,52,13,65
2021-08-12,63,11,74
2021-08-13,65,10,75
2021-08-14,73,13,86
2021-08-15,50,12,62
2021-08-16,76,10,86
2021-08-17,59,6,65
2021-08-18,58,14,72
2021-08-19,54,10,64
2021-08-20,67,8,75
2021-08-21,96,13,109
2021-08-22,58,3,61
2021-08-23,66,9,75
2021-08-24,41,11,52
2021-08-25,62,7,69
2021-08-26,58,8,66
2021-08-27,59,8,67
2021-08-28,76,8,84
2021-08-29,51,7,58
2021-08-30,59,6,65
2021-08-31,56,12,68
2021-09-01,54,16,70
2021-09-02,73,19,92
2021-09-03,79,9,88
2021-09-04,54,7,61
2021-09-05,82,8,90
2021-09-06,65,14,79
2021-09-07,65,20,85
2021-09-08,91,15,106
2021-09-09,84,7,91
2021-09-10,94,12,106
2021-09-11,86,11,97
2021-09-12,53,8,61
2021-09-13,63,11,74
2021-09-14,77,9,86
2021-09-15,76,7,83
2021-09-16,90,11,101
2021-09-17,97,22,119
2021-09-18,72,10,82
2021-09-19,47,6,53
2021-09-20,76,9,85
2021-09-21,77,7,84
2021-09-22,82,12,94
2021-09-23,96,12,108
2021-09-24,119,11,130
2021-09-25,95,18,113
2021-09-26,56,6,62
2021-09-27,77,8,85
2021-09-28,77,6,83
2021-09-29,81,13,94
2021-09-30,73,7,80
2021-10-01,96,11,107
2021-10-02,71,13,84
2021-10-03,80,7,87
2021-10-04,66,15,81
2021-10-05,61,8,69
2021-10-06,65,12,77
2021-10-07,67,15,82
2021-10-08,79,15,94
2021-10-09,78,3,81
2021-10-10,64,13,77
2021-10-11,58,8,66
2021-10-12,65,7,72
2021-10-13,74,13,87
2021-10-14,57,11,68
2021-10-15,87,10,97
2021-10-16,63,11,74
2021-10-17,66,9,75
2021-10-18,79,15,94
2021-10-19,74,8,82
2021-10-20,79,11,90
2021-10-21,72,7,79
2021-10-22,81,12,93
2021-10-23,89,4,93
2021-10-24,53,10,63
2021-10-25,52,11,63
2021-10-26,52,9,61
2021-10-27,78,7,85
2021-10-28,63,12,75
2021-10-29,85,17,102
2021-10-30,74,11,85
2021-10-31,80,14,94
2021-11-01,75,10,85
2021-11-02,83,17,100
2021-11-03,91,14,105
2021-11-04,80,13,93
2021-11-05,105,14,119
2021-11-06,72,15,87
2021-11-07,66,14,80
2021-11-08,66,13,79
2021-11-09,70,12,82
2021-11-10,89,13,102
2021-11-11,81,18,99
2021-11-12,93,9,102
2021-11-13,63,12,75
2021-11-14,62,7,69
2021-11-15,60,9,69
2021-11-16,84,12,96
2021-11-17,56,11,67
2021-11-18,78,9,87
2021-11-19,82,17,99
2021-11-20,49,12,61
2021-11-21,70,17,87
2021-11-22,80,6,86
2021-11-23,79,12,91
2021-11-24,64,14,78
2021-11-25,82,9,91
2021-11-26,77,25,102
2021-11-27,91,19,110
2021-11-28,66,4,70
2021-11-29,59,12,71
2021-11-30,86,13,99
2021-12-01,79,3,82
2021-12-02,90,7,97
2021-12-03,96,18,114
2021-12-04,79,12,91
2021-12-05,51,6,57
2021-12-06,76,10,86
2021-12-07,71,7,78
2021-12-08,64,12,76
2021-12-09,80,15,95
2021-12-10,56,6,62
2021-12-11,68,12,80
2021-12-12,56,11,67
2021-12-13,54,9,63
2021-12-14,51,9,60
2021-12-15,61,13,74
2021-12-16,58,6,64
2021-12-17,70,6,76
2021-12-18,50,12,62
2021-12-19,49,2,51
2021-12-20,46,9,55
2021-12-21,37,4,41
2021-12-22,64,6,70
2021-12-23,39,8,47
2021-12-24,76,12,88
2021-12-25,32,12,44
2021-12-26,38,7,45
2021-12-27,36,9,45
2021-12-28,31,3,34
2021-12-29,43,8,51
2021-12-30,34,3,37
2021-12-31,36,8,44
2022-01-01,46,11,57
2022-01-02,54,5,59
2022-01-03,38,5,43
2022-01-04,46,5,51
2022-01-05,69,10,79
2022-01-06,51,5,56
2022-01-07,63,7,70
2022-01-08,56,9,65
2022-01-09,55,7,62
2022-01-10,54,9,63
2022-01-11,56,8,64
2022-01-12,67,12,79
2022-01-13,80,16,96
2022-01-14,107,13,120
2022-01-15,58,6,64
2022-01-16,46,7,53
2022-01-17,73,13,86
2022-01-18,73,10,83
2022-01-19,51,8,59
2022-01-20,69,15,84
2022-01-21,73,7,80
2022-01-22,58,16,74
2022-01-23,56,4,60
2022-01-24,68,16,84
2022-01-25,50,11,61
2022-01-26,49,12,61
2022-01-27,90,8,98
2022-01-28,83,8,91
2022-01-29,88,7,95
2022-01-30,64,5,69
2022-01-31,59,15,74
2022-02-01,73,3,76
2022-02-02,56,10,66
2022-02-03,52,8,60
2022-02-04,61,11,72
2022-02-05,54,16,70
2022-02-06,55,13,68
2022-02-07,69,12,81
2022-02-08,44,9,53
2022-02-09,60,5,65
2022-02-10,65,11,76
2022-02-11,71,21,92
2022-02-12,62,6,68
2022-02-13,56,5,61
2022-02-14,64,6,70
2022-02-15,56,5,61
2022-02-16,60,3,63
2022-02-17,73,6,79
2022-02-18,34,4,38
2022-02-19,66,6,72
2022-02-20,43,5,48
2022-02-21,47,6,53
2022-02-22,42,7,49
2022-02-23,53,8,61
2022-02-24,65,9,74
2022-02-25,69,16,85
2022-02-26,88,11,99
2022-02-27,48,6,54
2022-02-28,65,9,74
2022-03-01,84,12,96
2022-03-02,68,9,77
2022-03-03,82,15,97
2022-03-04,78,9,87
2022-03-05,58,12,70
2022-03-06,57,7,64
2022-03-07,64,11,75
2022-03-08,67,6,73
2022-03-09,56,8,64
2022-03-10,55,14,69
2022-03-11,66,13,79
2022-03-12,70,15,85
2022-03-13,45,13,58
2022-03-14,45,12,57
2022-03-15,45,14,59
2022-03-16,80,11,91
2022-03-17,74,11,85
2022-03-18,85,8,93
2022-03-19,65,9,74
2022-03-20,54,7,61
2022-03-21,58,13,71
2022-03-22,62,13,75
2022-03-23,59,10,69
2022-03-24,61,15,76
2022-03-25,76,18,94
2022-03-26,82,15,97
2022-03-27,43,9,52
2022-03-28,47,8,55
2022-03-29,70,16,86
2022-03-30,61,13,74
2022-03-31,61,10,71
2022-04-01,65,13,78
2022-04-02,55,10,65
2022-04-03,49,4,53
2022-04-04,50,7,57
2022-04-05,55,10,65
2022-04-06,69,8,77
2022-04-07,59,8,67
2022-04-08,47,14,61
2022-04-09,63,9,72
2022-04-10,52,4,56
2022-04-11,45,10,55
2022-04-12,56,7,63
2022-04-13,47,7,54
2022-04-14,72,16,88
2022-04-15,54,6,60
2022-04-16,81,8,89
2022-04-17,36,9,45
2022-04-18,61,10,71
2022-04-19,62,8,70
2022-04-20,77,8,85
2022-04-21,60,20,80
2022-04-22,57,12,69
2022-04-23,63,6,69
2022-04-24,63,16,79
2022-04-25,58,8,66
2022-04-26,66,11,77
2022-04-27,48,9,57
2022-04-28,60,14,74
2022-04-29,57,14,71
2022-04-30,84,16,100
2022-05-01,65,17,82
2022-05-02,57,7,64
2022-05-03,56,8,64
2022-05-04,79,8,87
2022-05-05,77,15,92
2022-05-06,87,14,101
2022-05-07,54,7,61
2022-05-08,73,16,89
2022-05-09,60,12,72
2022-05-10,63,11,74
2022-05-11,85,10,95
2022-05-12,71,18,89
2022-05-13,80,14,94
2022-05-14,82,14,96
2022-05-15,42,9,51
2022-05-16,59,5,64
2022-05-17,82,15,97
2022-05-18,93,17,110
2022-05-19,58,13,71
2022-05-20,96,11,107
2022-05-21,56,9,65
2022-05-22,56,12,68
2022-05-23,63,8,71
2022-05-24,77,12,89
2022-05-25,58,8,66
2022-05-26,66,14,80
2022-05-27,88,10,98
2022-05-28,76,16,92
2022-05-29,58,8,66
2022-05-30,54,15,69
2022-05-31,71,10,81
2022-06-01,60,14,74
2022-06-02,52,9,61
2022-06-03,58,9,67
2022-06-04,68,12,80
2022-06-05,46,3,49
2022-06-06,73,7,80
2022-06-07,84,13,97
2022-06-08,78,5,83
2022-06-09,85,15,100
2022-06-10,89,17,106
2022-06-11,74,12,86
2022-06-12,45,9,54
2022-06-13,78,7,85
2022-06-14,80,12,92
2022-06-15,76,11,87
2022-06-16,83,12,95
2022-06-17,116,20,136
2022-06-18,50,13,63
2022-06-19,46,15,61
2022-06-20,80,8,88
2022-06-21,114,21,135
2022-06-22,93,18,111
2022-06-23,79,13,92
2022-06-24,89,11,100
2022-06-25,73,16,89
2022-06-26,70,9,79
2022-06-27,73,4,77
2022-06-28,69,10,79
2022-06-29,51,9,60
2022-06-30,70,9,79
2022-07-01,75,9,84
2022-07-02,71,13,84
2022-07-03,47,6,53
2022-07-04,60,9,69
2022-07-05,80,15,95
2022-07-06,59,13,72
2022-07-07,78,13,91
2022-07-08,88,11,99
2022-07-09,76,14,90
2022-07-10,63,11,74
2022-07-11,99,14,113
2022-07-12,62,14,76
2022-07-13,71,15,86
2022-07-14,83,11,94
2022-07-15,97,16,113
2022-07-16,77,18,95
2022-07-17,66,15,81
2022-07-18,70,10,80
2022-07-19,54,9,63
2022-07-20,56,8,64
2022-07-21,63,10,73
2022-07-22,52,11,63
2022-07-23,70,10,80
2022-07-24,61,11,72
2022-07-25,60,9,69
2022-07-26,54,10,64
2022-07-27,59,13,72
2022-07-28,42,10,52
2022-07-29,91,10,101
2022-07-30,57,9,66
2022-07-31,74,9,83
2022-08-01,54,11,65
2022-08-02,59,9,68
2022-08-03,60,9,69
2022-08-04,73,10,83
2022-08-05,77,11,88
2022-08-06,83,16,99
2022-08-07,42,9,51
2022-08-08,61,3,64
2022-08-09,73,15,88
2022-08-10,99,8,107
2022-08-11,70,16,86
2022-08-12,71,8,79
2022-08-13,68,13,81
2022-08-14,51,8,59
2022-08-15,60,8,68
2022-08-16,52,9,61
2022-08-17,57,8,65
2022-08-18,74,12,86
2022-08-19,85,16,101
2022-08-20,66,10,76
2022-08-21,62,11,73
2022-08-22,45,9,54
2022-08-23,49,11,60
2022-08-24,57,4,61
2022-08-25,60,8,68
2022-08-26,75,17,92
2022-08-27,69,13,82
2022-08-28,59,11,70
2022-08-29,44,9,53
2022-08-30,57,12,69
2022-08-31,71,17,88
2022-09-01,60,13,73
2022-09-02,65,10,75
2022-09-03,57,9,66
2022-09-04,40,13,53
2022-09-05,61,13,74
2022-09-06,53,7,60
2022-09-07,62,15,77
2022-09-08,68,8,76
2022-09-09,59,17,76
2022-09-10,73,15,88
2022-09-11,52,8,60
2022-09-12,54,9,63
2022-09-13,56,10,66
2022-09-14,56,7,63
2022-09-15,75,9,84
2022-09-16,80,16,96
2022-09-17,69,8,77
2022-09-18,48,7,55
2022-09-19,31,5,36
2022-09-20,79,9,88
2022-09-21,64,13,77
2022-09-22,78,12,90
2022-09-23,69,11,80
2022-09-24,55,10,65
2022-09-25,61,24,85
2022-09-26,59,7,66
2022-09-27,59,10,69
2022-09-28,50,14,64
2022-09-29,64,15,79
2022-09-30,68,10,78
2022-10-01,73,15,88
2022-10-02,52,8,60
2022-10-03,52,7,59
2022-10-04,69,10,79
2022-10-05,61,14,75
2022-10-06,76,21,97
2022-10-07,73,13,86
2022-10-08,77,15,92
2022-10-09,40,5,45
2022-10-10,72,15,87
2022-10-11,62,10,72
2022-10-12,51,7,58
2022-10-13,78,9,87
2022-10-14,66,8,74
2022-10-15,76,10,86
2022-10-16,51,10,61
2022-10-17,52,8,60
2022-10-18,76,10,86
2022-10-19,62,10,72
2022-10-20,62,8,70
2022-10-21,85,14,99
2022-10-22,67,13,80
2022-10-23,58,10,68
2022-10-24,61,10,71
2022-10-25,55,14,69
2022-10-26,72,7,79
2022-10-27,57,8,65
2022-10-28,69,14,83
2022-10-29,58,13,71
2022-10-30,60,9,69
2022-10-31,66,13,79
2022-11-01,57,12,69
2022-11-02,58,7,65
2022-11-03,73,11,84
2022-11-04,110,17,127
2022-11-05,48,13,61
2022-11-06,51,4,55
2022-11-07,78,10,88
2022-11-08,65,16,81
2022-11-09,90,19,109
2022-11-10,76,15,91
2022-11-11,68,10,78
2022-11-12,62,17,79
2022-11-13,51,12,63
2022-11-14,65,9,74
2022-11-15,70,16,86
2022-11-16,98,16,114
2022-11-17,82,4,86
2022-11-18,79,18,97
2022-11-19,57,7,64
2022-11-20,48,3,51
2022-11-21,57,15,72
2022-11-22,64,13,77
2022-11-23,65,11,76
2022-11-24,71,11,82
2022-11-25,79,15,94
2022-11-26,57,8,65
2022-11-27,53,6,59
2022-11-28,92,12,104
2022-11-29,60,12,72
2022-11-30,64,8,72
2022-12-01,55,16,71
2022-12-02,58,9,67
2022-12-03,58,8,66
2022-12-04,31,7,38
2022-12-05,66,9,75
2022-12-06,71,16,87
2022-12-07,59,8,67
2022-12-08,87,12,99
2022-12-09,69,8,77
2022-12-10,58,13,71
2022-12-11,54,11,65
2022-12-12,28,4,32
2022-12-13,41,9,50
2022-12-14,51,8,59
2022-12-15,66,11,77
2022-12-16,54,5,59
2022-12-17,35,6,41
2022-12-18,50,9,59
2022-12-19,46,5,51
2022-12-20,62,13,75
2022-12-21,63,8,71
2022-12-22,48,9,57
2022-12-23,59,7,66
2022-12-24,40,8,48
2022-12-25,27,9,36
2022-12-26,37,4,41
2022-12-27,48,5,53
2022-12-28,43,3,46
2022-12-29,41,2,43
2022-12-30,55,10,65
2022-12-31,32,11,43
